Node Id	Estimated Local Butterfly Count in node partition src
313621139	3670.0989544523045
430154748	13759.711915921573
445564033	2276.348852537406
290184898	224.25938043866117
338782569	91.18012084386737
294073316	1.5473920502824614
308004894	659.329249291027
306241251	636.9055494901171
308760666	12.28967878856342
301517052	5143998.117353535
294402126	5.647482051223835
495310270	7983.836255383641
300770713	5.727687355343782
420933585	2452.063922247841
303918531	828.9724227323246
308256995	71.11628176861231
310137055	15.464168768575494
371405542	4050679.5342070246
316082177	29.813287350777838
314793451	1258.5534182937
487754463	180177.46506937622
307079538	637.0193330903048
313893817	119.2110752321422
429661831	2815.668317028086
302877219	309.5742952259192
414772707	2026.797801563344
377624008	563.3268419878551
305835072	8.226507946458419
344950241	663.571655051254
315194952	5605686.476174268
287965865	416.13538834174324
323882959	321.85035772087394
500974600	4169.1508679527815
377851369	4279.688705817791
292071889	10.29198873298883
284819104	1.0
493605531	91097.546633291
286631949	426.0467722783706
450733533	11039.14682343362
363590051	2678760.9225040018
329454279	819.4148174020302
471658399	45559.64032757636
406033647	5176.599388408799
287063264	8.0
336471387	5673.261192743838
305003644	150.7259347159303
431553898	17385.35354132941
407511090	2699.7424558744424
319927587	521.7213667385635
398891338	3711.6599623617576
410244480	917.2279916297026
299615625	2.6329214752266203
285008210	1920.7554516650646
326066831	46.39576346436203
290512453	3.753003189474842
388888815	7429.955327491902
334689601	89.34243114962035
284945681	89387.38381144172
436292998	5304.269379553691
359094149	782.0629224936066
411388627	3805.430355985086
416345319	208889.61766871932
301915840	723.0903109501917
364191819	180320.3607668964
310437762	4590.795532665849
288236046	47.85636494043156
300586543	16.654576395872695
303898669	4.6314155996391735
315126160	84.47208928960362
421472009	90197.13897998484
384922950	1118317.4545563385
288803962	15.191610779592773
290752347	102.8866178941467
302505855	413.3652632263153
322988021	216.1557613266179
312719787	22.27506136602123
301317579	6081.618700968604
411156037	925.9582582919871
307544289	67.63638375187024
477053675	6395.178784940426
387592176	4214.163281017042
289553982	73.64428653069648
284888949	21.91977935255418
303563606	21.199329666255135
288898350	3790.806643701002
362250789	24605.190102093875
299546679	2.6376640034535215
463441356	10452.552435333015
295536783	31.940437561741863
315171528	175.8377934993399
395677840	479237.95337961364
290966469	56.03174766370027
338464438	35811.921196842595
327006890	120.358246868889
288094082	3.0
289189768	672.8279444054048
429336302	19601.496372416957
292419245	1.3468846155348237
292406424	36.02334704864709
292250956	192.34771336580272
305146045	25.54258593029653
406331646	6184.3181938655935
320793908	536.23868398286
342643402	63752.11550556632
320334306	10416.568336187942
325565086	2415.7173980102048
336555303	17601.922968827035
338244652	89.34671378933373
309545208	728.4474557322413
433937379	9998.08738162068
400091807	2258.691918367164
304087797	5733.878412762485
287917528	6.0
326372422	46.63411923188475
299296029	4688.772512552411
307840047	923.1052837241753
327557148	2185.9750759807985
359854059	20143.808521299845
476314921	12756.62089550406
339440515	11755.217604615547
457636337	2545.463976551947
367963934	233.3501966535457
327243363	1294.5332763044225
363154844	4249.870549153367
334746192	4852.010937276177
284075743	1.8647750156360974
376504341	2697.8857912046783
411276958	1846.5595883890715
304243321	10.602685488186124
290595159	12.31449149308088
367557558	9255.057503991346
303892009	733.0000499625373
297145087	1.8961811441828396
394127304	700.6830010631005
319100843	4264.510606093029
291478500	1.0296457881975396
379881164	14142.439303267889
291729878	1.1368211953322926
388470356	592.0069292075297
304759586	4422.804682920384
339401852	215.58605053521615
288217026	1819.5618385151074
286570924	24.833852493462352
321240709	206.9083492377128
326885152	4053.1017440952182
348692110	176.22096440401674
297264122	1.9240236743845949
370441190	1499.5605414665843
356053562	1676.6107724715807
287921822	1.0
370834707	256.7905653780581
480017583	3248.4034567549616
401807557	407772.22444393125
377194688	476437.519536095
456280861	16033.323675895022
308634863	36.6299043343457
317447935	380.88075664869416
323341309	512.1779511356895
392203463	2706.2388576548306
306175541	35.82132601182329
346548271	121.676282649382
348596566	132.2724638660507
314681369	594.022097591139
311597301	1510.08854513246
379459295	677.1658623927132
299948601	8116.072036755859
491730359	3712.6989704103494
359000235	478.6604350396222
442598413	8103.879243648125
340606446	96.46944010594883
492468784	7983.836255383641
370425586	260.0787145336646
312729700	1709.418882256989
308537544	544215.7762857877
335503017	104213.44959034467
287440835	8025.136750608425
327586041	45114.134467555654
407062204	1785.3944403701753
395515780	13476.900249535483
291477637	7.448296908901264
390867374	5800.769158021696
306053156	9.265744779315439
303936255	4.720456590960836
325965405	184.95955298149855
376520539	338.8003969892487
310458165	94.76535458219459
336978041	176.72041244492073
382199837	1876.761659183535
372207894	83369.6883147286
469489347	2.5193218181695858E10
448299062	2312.635215415172
372970886	13286.596819880928
426731407	15985.217843949526
295465760	37.372247962123524
333647776	18642.70947863281
284784121	3311.691283194767
335614577	424.01644399969587
305896108	221.1246492930836
318562472	228.14410915804015
440535402	58539.223744431845
362484210	642.7066826275216
373459732	60588.07497801945
291826753	100.8843843543261
294773556	47.25755596554808
477674622	44902.86965908421
302392499	3.3878897733533524
368470785	770663.8046794833
307906541	206051.3681500344
386160742	540.803105293728
288094680	85.12378835492191
429610587	184839.44301246793
429113709	228991.51632126837
454170723	9748.5498521736
420455839	644892.9403026751
298862479	16.628112107787196
306412490	1865.2016290875629
299119736	10.291718078137318
438426078	2274.235854632034
312575632	1266367.5485702867
404057304	57726.284356933465
301301537	37.080379919891826
325058491	11041.466985127656
339532909	32367.576941668227
348824026	7189.135250880232
372823961	283.4427782413226
292964813	14640.548178010344
297407430	11.877465681554082
295089437	1.583795720776542
298798081	2.844698303000293
286927021	110.8479817437105
342792525	1226675.3018692902
300769472	2.844698303000293
284925655	891.1151945995812
381581165	885.2380449146706
291014236	2.7929301311757726
285887422	15.410931897928435
329044452	4831.19524693786
303688284	1385.4383996832928
434863187	3410.8252836814245
327466207	3876.5110086489735
512434843	231778.98045593733
323165885	1285.3445493104907
325049584	178.52225052690272
330754346	139.04954583084626
435406741	22497.121958078053
429775439	1873881.9868282052
300032284	40.96530946060291
287212266	1.3563150789510101
310532716	23188.520098446174
428954015	1387.5931277254765
468753407	64643.617844644454
295785957	1137604.530428929
347363502	975.768716295981
442839435	593582.3252175846
393159815	9668.432069468852
291374487	151.0238499873157
308780794	233.31259877241433
287601348	361.84948376495873
284819997	55283.613739373504
332170282	74.0435554694266
291142646	20437.96070717674
319035264	275083.58845966123
289278734	550.5958073425032
346858714	501.1366344185237
443884490	15287.424230384482
420896180	3645.069526121835
288671105	462.4086183603295
295262199	3.906889959944643
297414943	1.9999854703885735
454159444	30379.91384525441
308615068	13.833481618967147
292967792	4816.92754762454
356953902	1077.4367598239826
302317578	3.3353787121795504
347707738	510.33055271473245
317457877	592.4930627252083
402122832	1549.1431110567655
386415737	26577.75533835749
293885032	1.5290030904373617
285039048	3.0
324242012	132.9994751509115
294601029	1.5589452809426751
386244833	2218601.805106921
299962010	22.70935044272543
293047205	2.5948620048717226
311771978	18.58424984526389
294099140	26.91875672706264
365344300	2516.267229656862
303018470	596.3481655395916
299971574	7.923305407539733
394399883	33728.51546660866
315042220	70709.28837977884
303815140	17.728822608534635
405729136	853.5958142307624
402688503	457275.2199791118
371309999	264.41223734599345
348895481	136.30139309871754
294177303	3.108129159875662
307386350	2863.0571923212715
326101033	46.48048046045429
331378902	219.54870218017984
413503399	982.1159991522699
301520250	8426.116639094778
311045690	3641.3937936670177
314162903	102634.22816419783
412694725	290982.7299419742
372954911	6877.194796484688
308919272	25.679276576090334
438625381	1882.2239716594313
312886438	36990.8818320496
489321253	7.502241697176568E7
437855032	2020.8824630567135
297108041	159.27101555268018
430152138	5917.468385766122
303484749	8.227401322317672
488570757	3449.278331887645
338232895	446.7138687930386
304117305	1377.9897739220619
315155006	108.04669773958868
366884266	8297561.692584663
342257973	2126.197734865992
292892470	2.4481596132913093
293747050	16.68708396041384
315795555	121.3478554974628
356815194	4948.528238611265
429056604	1385.81840776383
299011793	60.37889496741228
300897713	542.9722748172098
293554503	1785.8557546490665
359393306	156.93146576441166
364873934	1341.7381572058055
376323500	13349.113860994757
304852364	22.438251066838415
291179684	8.172658462058934
487066871	534154.0012331987
445266062	2271.3539087819095
434528806	71156.5007885231
386178142	547.7053601658112
301200617	2.9091963935590495
338446015	360.48016548697365
305918484	259.8543854923604
293982002	6.897192260385173
320681161	40.71642954532463
322397049	1894.0313772940767
381608420	4422.8307347647315
303276697	976.2727440731879
295350675	27.077161164073576
346205042	977302.4422470541
432306789	1581290.1073005216
332568551	8058.867910914332
418900007	3913.7578315070978
293220293	7.400019661081024
298423761	14357.739511131522
362300294	12203.630988365832
444946356	39803.58113858775
304050477	50.364535846853485
363740600	1165.6076517158485
298255876	6.091221543500152
458631049	10233.365447202299
412621703	4006.5893581326613
291666256	1.4518976759701314
405863822	8826.56050862449
304987590	318.7094536796433
329691437	522914.53178624716
376510438	18738.16711028097
285646135	461.8942958025452
302303931	529.9745829701667
289190113	41091.805222654475
395956604	37391.73658866508
445375097	2274.235854632034
304171052	39.9806826190909
349099488	1088.2768032533202
287824228	2.453223318898171
317184741	30.088982466129174
289769849	15.0
404593641	7038.040082022253
289472885	2.2269610808829405
305321745	162.28179457957373
353249261	7743.310709861948
327069274	144.35157816167032
377951542	526546.4504058913
299129777	2.540058652325321
315264450	100.89012322713943
289029585	307.3152648030299
294682355	8.224797704551367
320578069	20692.021193866214
342396745	399.18877123830396
323374038	209.39250568119203
305088957	2996.789930575452
302565263	10.291718078137318
318809999	844.5253009102989
426369454	1366.9082266407283
295059110	19.606291181328263
354033717	149.76517310238088
363494433	1541.6851709680063
300798832	5.704381776663158
470083895	3957.226937334749
302895128	4.061383880960181
334122504	76.89129420634607
310819898	1454.3194638370605
301055420	2.913827850593259
334236299	153.88878278611656
381442338	11280.96310131752
483488468	6637.480174747683
340501200	38928.548793760536
483031805	3312.164917599653
403494215	810.3854870060139
327125649	296.375647382657
380442712	888.413552191666
311947043	19.572823626158744
447885801	4842.1037621763535
333265043	758.8285877794646
334185830	1622.9682419572332
287855165	3.7600146089758306
298366644	129.50494835181436
285881085	121.99655723837553
300889079	567.747615639498
326477287	1967.8192418498643
351232336	2026.797801563344
336544853	85.18516163836192
302828886	1568.977403973722
288327147	85.96356032709568
291693489	31.273366275391417
355833189	1516.110736506206
284222807	25.48650744777075
318576248	334.5993876075579
300454549	2.8362743270424757
331370344	1230.462970973027
327205553	1239.0915924436788
311671506	392.8996821222464
318530438	69.09228916318716
465217641	6395.178784940426
295440754	60.26001684004856
323908007	44.22641183492687
401629893	2724852.863473735
293891050	340.7246206504985
311593934	4566.557187572532
439229135	7598.928543072108
417871100	2203.565276976948
399857015	10469.4144080429
375994906	6154.062426981232
303421139	4.061383880960181
440476902	4169.1508679527815
304863000	15608.727037368797
304286607	13.935775936458406
315407783	82.17669778466723
295977505	18506.4372181018
368470433	437.5501941328758
315043324	78.07137972549063
496218553	110158.69168780158
290338603	125203.3898212168
314292200	18330.018479038892
310960552	3276.171411873921
304109077	4.914201530040838
306534952	29.34619964848904
463534596	78470.51703590676
297200401	91.67062515808625
305558444	8.679593318991737
366482290	8745.172188189052
292370904	5.007446726178696
301653743	124.86416128792821
412629178	3612635.076032196
284500703	1.0
293421748	1.4518976759701314
463910710	7887.4436357712675
348883062	2976.4604842646013
448925179	2331.7095465193656
383065147	935.6344362314884
332126087	147.89223815856752
300235799	1046.987436238526
317062695	231.4159937059492
438216451	74568.90172942051
418368641	2576846.560448039
305942099	472327.2311748212
307417463	53157.260900753325
359375850	5332.575596580162
304870741	1989.512754040414
287666689	32.1139673457737
335965722	171.89664145389588
318344690	32.23167758802966
443370572	1369226.4026727881
317885341	279594.4403219953
488030828	680234.6383950445
332289238	321.8464294777318
433369569	1650.004735954926
305671314	361.26874369834263
430367552	3961.9573781883323
435997883	1753.9940904731018
367287593	13816.458857103902
301647728	294.12475594466366
327067672	48.70347540105328
315938658	117.08821091975636
321960937	5592.678383541299
299108130	21.82176154834569
413897225	7887.4436357712675
421997825	1671662.6336616878
292683725	139.1789699075303
293423650	238.9723504602062
416325085	7430.192375023176
315046861	84.5276359638494
299880440	2.640446752116162
302310348	177.34734262648115
382738878	461.31326888577917
375248440	2219.7882726201087
295670053	1.6291182207129093
297630191	17.18938300244899
284975534	6.352942469482022
348816055	1366.479404069475
284417350	318997.64534151927
329913454	744393.5992984517
286555496	22.530901144874274
348184873	14633.79900623102
389117708	54837.63250135462
294620707	12.495548084315539
305094711	109407.44777459856
287335465	846.3463792117282
365892893	757.35671146298
352009902	1225.7718949794792
311594640	454656.84825974976
513312532	25294.50759937415
406282919	1765.4621364849352
308809670	60.46082392856822
290033763	236.51981936839968
284235722	2068985.3967169698
319956553	38.37913892872867
303672735	5385.461669829424
291524081	1.078919257505617
391522923	2333.119231300345
325955247	1481.7799272897023
294822737	10.969339929236838
318621111	236.6261995244816
492105097	117996.15158667251
313624917	2234.3892265342092
325227038	226.8944471619792
293787835	1.5237759929685653
405862075	1346115.9640977015
492589053	7666.1088911444795
294440294	42.95131730427138
316067926	31681.6413124791
326630627	390.5874377724085
405320958	20656.888927693475
307255325	19.848097269605482
315215396	13484.340137582087
340257795	881554.2178675908
